#  Zhe Jiang
#  "Weight matrices for PRAISE realignment scoring."
#  Version 1.0, Jun 2022.
   A  T  C  G  N  R  Y  M  K  S  W  H  B  V  D
A  5.1  -3.5  -3.5  -3.5  0  1.3  -3.5  1.3  -3.5  -3.5  1.3  1.3  -3.5  1.3  1.3
T  -3.5  5.1  -3.5  -3.5  0  -3.5  1.3  -3.5  1.3  -3.5  1.3  1.3  1.3  -3.5  1.3
C  -3.5  -3.5  5.1  -3.5  0  -3.5  1.3  1.3  -3.5  1.3  -3.5  1.3  1.3  1.3  -3.5
G  -3.5  -3.5  -3.5  5.1  0  1.3  -3.5  -3.5  1.3  1.3  -3.5  -3.5  1.3  1.3  1.3
N  0  0  0  0  0  0  0  0  0  0  0  0  0  0  0
R  1.3  -3.5  -3.5  1.3  0  1.3  -3.5  -3.5  -3.5  -3.5  -3.5  -3.5  -3.5  -3.5  -3.5
Y  -3.5  1.3  1.3  -3.5  0  -3.5  1.3  -3.5  -3.5  -3.5  -3.5  -3.5  -3.5  -3.5  -3.5
M  1.3  -3.5  1.3  -3.5  0  -3.5  -3.5  1.3  -3.5  -3.5  -3.5  -3.5  -3.5  -3.5  -3.5
K  -3.5  1.3  -3.5  1.3  0  -3.5  -3.5  -3.5  1.3  -3.5  -3.5  -3.5  -3.5  -3.5  -3.5
S  -3.5  -3.5  1.3  1.3  0  -3.5  -3.5  -3.5  -3.5  1.3  -3.5  -3.5  -3.5  -3.5  -3.5
W  1.3  1.3  -3.5  -3.5  0  -3.5  -3.5  -3.5  -3.5  -3.5  1.3  -3.5  -3.5  -3.5  -3.5
H  1.3  1.3  1.3  -3.5  0  -3.5  -3.5  -3.5  -3.5  -3.5  -3.5  1.3  -3.5  -3.5  -3.5
B  -3.5  1.3  1.3  1.3  0  -3.5  -3.5  -3.5  -3.5  -3.5  -3.5  -3.5  1.3  -3.5  -3.5
V  1.3  -3.5  1.3  1.3  0  -3.5  -3.5  -3.5  -3.5  -3.5  -3.5  -3.5  -3.5  1.3  -3.5
D  1.3  1.3  -3.5  1.3  0  -3.5  -3.5  -3.5  -3.5  -3.5  -3.5  -3.5  -3.5  -3.5  1.3